	ERR550658	ERR552445	ERR552444	ERR552331	ERR552190	ERR552177	ERR552130	ERR551990	ERR551983	ERR551982	ERR551981	ERR552482	ERR551980	ERR551978	ERR551977	ERR553324	ERR551934	ERR551928	ERR551927	ERR551879	ERR551855	ERR551854	ERR551694	ERR551979	ERR551693	ERR552493	ERR552555	ERR553291	ERR553277	ERR553171	ERR553157	ERR553156	ERR553086	ERR553082	ERR553081	ERR552949	ERR552912	ERR552494	ERR552911	ERR552895	ERR552894	ERR552838	ERR552830	ERR552787	ERR552760	ERR552755	ERR552743	ERR552690	ERR552689	ERR552910	ERR551688	ERR619080	ERR551680	ERR551225	ERR551214	ERR551201	ERR551168	ERR551681	ERR551086	ERR551079	ERR551071	ERR551007	ERR551293	ERR550984	ERR550947	ERR550946	ERR550927	ERR550910	ERR550783	ERR550782	ERR550739	ERR550738	ERR550659	ERR550957	ERR551369	ERR551167	ERR551370	ERR551520	ERR551636	ERR551572	ERR552907	ERR551806	ERR550887	ERR551805	ERR550779	ERR551822	ERR552940	ERR551804	ERR551575	ERR552954	ERR553068	ERR551821	ERR552939	ERR551412	ERR553098	ERR553107	ERR553116	ERR553139	ERR551772	ERR550724	ERR553237	ERR553251	ERR550670	ERR551638	ERR553303	ERR553304	ERR553313	ERR550778	ERR550777	ERR551558	ERR551556	ERR551362	ERR551361	ERR551360	ERR552090	ERR551311	ERR552136	ERR552141	ERR551305	ERR551494	ERR552194	ERR552219	ERR552358	ERR552429	ERR551557	ERR551957	ERR552479	ERR551549	ERR551945	ERR551944	ERR551159	ERR552580	ERR552668	ERR552669	ERR552670	ERR552671	ERR551090	ERR551943	ERR551554	ERR551212	ERR551956
ERR550658	4328279	4228524	4233618	4264089	4276779	4262264	4262330	4280781	4079917	4245133	4211452	4275922	4234633	4265673	4198892	4264350	4285806	4259389	4194699	4259258	4261826	4202653	4235360	4149353	4257200	4296061	4274931	4252737	4252107	4281599	4241030	4249419	4284233	4267292	4263376	4233010	4266641	4294309	4282989	4176215	4259015	4242138	4243186	4263840	4251016	4245665	4255508	4174901	4249043	4267117	4169431	4279937	4278453	4272439	4143262	4281363	4274098	4283457	4260391	4258194	4271148	4278234	4286021	4290986	4280689	4267636	4263684	4290217	4296823	4293223	4278715	4242965	4296564	4279082	4270023	4266849	4244448	4286853	4253504	4255715	4279545	4279036	4279437	4276537	4266368	4293491	4286513	4287324	4114871	4249225	4259304	4291220	4288153	4259062	4277659	4265123	4268794	4265573	4301056	4301413	4261241	4303241	4141455	4283772	4215606	4165001	4267391	4282661	4276853	4269257	4278755	4279973	4282928	4289840	4282991	4264076	4266411	4262131	4280699	4265015	4278896	4227938	4274918	4277229	4261400	4266776	4303018	4279350	4282190	4269914	4282678	4276217	4199967	4157738	4269768	4275810	4265293	4226177	4268389	4260093	4259917
ERR552445	4228524	4345546	4246572	4224619	4239800	4248908	4206858	4240960	4059960	4211990	4184134	4231302	4203690	4235706	4173641	4210642	4244950	4232022	4170163	4216459	4235303	4175084	4203778	4124183	4228771	4232042	4236130	4213995	4216139	4243978	4216241	4213854	4243785	4227366	4233223	4199848	4262162	4237822	4237321	4153086	4230024	4231797	4207639	4221802	4241944	4242445	4218298	4153232	4213849	4216322	4144781	4242786	4225884	4241609	4112805	4225881	4213333	4238064	4254258	4218869	4228599	4238617	4243470	4226688	4243065	4222772	4231420	4246347	4239418	4229468	4223963	4204933	4232658	4239703	4237626	4206635	4207825	4243010	4244125	4227769	4234946	4225608	4236585	4224916	4215835	4231613	4226107	4228405	4086364	4218754	4230406	4228440	4224503	4234875	4240839	4222163	4236682	4224678	4237146	4238086	4223663	4239436	4126244	4239020	4191898	4142297	4235536	4229128	4222578	4217123	4222518	4224559	4230285	4228842	4240779	4223361	4223037	4223305	4237489	4225231	4234614	4204384	4224544	4223438	4215423	4233644	4239279	4239733	4221940	4233018	4226724	4221764	4165846	4125928	4222412	4225795	4225439	4181505	4215586	4220391	4218876
ERR552444	4233618	4246572	4368159	4228329	4239637	4248782	4212627	4241756	4049101	4213767	4180865	4238598	4202092	4231232	4167383	4217787	4245198	4225381	4163508	4220658	4228215	4169661	4202365	4117476	4223380	4238074	4238326	4218822	4220098	4241487	4208867	4216975	4244846	4230410	4226362	4199884	4261801	4234749	4234625	4143488	4224374	4238046	4208349	4226954	4245978	4245862	4222912	4144050	4216569	4221282	4137186	4242122	4232068	4241852	4104103	4232167	4218792	4236110	4257845	4223479	4234239	4239007	4244204	4232953	4241293	4229245	4236503	4247136	4237678	4234878	4229933	4207013	4237532	4238674	4234737	4210187	4209092	4242136	4248070	4230996	4232444	4225853	4233538	4221006	4215079	4237202	4229900	4231559	4077554	4222664	4224650	4232731	4230052	4233207	4239834	4228110	4235280	4228380	4241700	4243290	4225756	4244586	4120249	4237665	4182089	4134229	4232554	4225811	4224097	4217552	4224170	4226962	4226171	4233740	4241478	4226698	4227794	4224117	4236047	4227917	4239311	4205685	4229501	4228782	4208283	4230687	4244513	4238913	4226276	4226375	4232975	4228244	4159999	4118443	4224522	4228725	4228367	4179705	4220220	4223630	4225290
ERR552331	4264089	4224619	4228329	4426211	4269918	4253513	4243632	4271902	4073867	4239464	4207186	4267944	4228670	4260203	4195524	4248351	4276093	4253693	4191221	4250850	4256980	4197223	4231189	4142759	4252552	4268868	4269209	4247324	4248649	4272131	4238225	4247444	4274486	4259781	4254642	4228936	4256985	4266947	4266383	4172550	4254514	4235741	4237860	4268092	4243616	4238970	4252225	4169759	4245981	4251269	4165242	4273135	4263808	4263771	4130560	4263291	4247168	4268180	4251772	4252747	4264934	4271243	4274793	4264273	4266219	4254005	4257691	4278803	4269259	4266809	4261504	4236318	4267940	4270200	4263335	4239432	4238768	4274212	4247500	4250436	4262306	4255466	4263355	4250667	4243931	4267697	4260476	4261808	4102627	4245213	4252167	4265155	4261223	4255901	4269999	4249625	4264347	4258069	4273491	4274280	4254520	4275912	4137571	4267419	4209411	4160472	4263193	4256232	4252213	4245994	4253532	4255665	4257481	4263504	4272111	4255693	4258246	4254604	4265103	4259208	4269567	4222933	4259225	4260148	4237900	4251610	4275727	4270289	4256098	4254986	4265318	4259351	4187639	4145792	4253918	4258541	4258002	4205857	4252414	4251617	4245347
ERR552190	4276779	4239800	4239637	4269918	4316747	4275310	4257298	4293963	4088268	4251550	4220066	4281227	4239557	4281966	4214499	4260422	4298119	4271844	4207063	4263101	4275479	4212973	4242117	4154312	4269721	4283208	4282752	4261162	4259700	4292920	4250988	4256610	4296752	4271422	4273947	4240868	4277985	4286901	4284957	4186999	4271328	4248499	4249335	4269540	4256852	4249962	4264059	4185220	4255682	4263853	4180759	4293876	4277143	4285280	4148081	4276967	4259735	4287117	4264892	4263350	4277671	4291808	4296370	4278001	4285011	4265897	4271742	4300372	4289088	4279867	4275558	4248075	4281954	4290216	4283394	4251842	4251324	4294958	4260025	4262992	4282200	4268067	4282103	4268983	4256504	4281468	4275056	4274800	4120520	4255846	4271242	4276981	4274114	4268425	4289237	4261860	4282284	4269418	4289183	4290021	4266868	4291719	4154674	4286928	4226062	4176717	4280754	4274597	4265195	4258528	4266577	4267752	4275782	4276768	4293957	4269866	4269789	4268117	4284534	4270688	4283239	4234833	4271172	4273588	4255148	4271153	4291418	4290155	4268518	4272298	4277855	4272837	4204673	4162544	4267969	4272457	4270162	4216958	4265872	4264280	4258010
ERR552177	4262264	4248908	4248782	4253513	4275310	4317318	4243014	4277902	4071418	4233744	4202188	4265973	4221853	4262206	4193800	4246533	4283463	4254935	4189179	4245849	4257709	4195852	4223720	4137482	4251742	4268971	4266294	4241764	4242178	4277643	4233805	4239664	4282795	4254156	4256306	4223308	4290206	4272318	4269495	4169398	4255002	4259311	4232276	4253781	4266296	4259612	4247340	4166668	4239140	4248517	4162814	4277688	4262799	4278144	4130414	4261339	4244187	4272438	4275119	4247114	4262527	4276860	4281622	4262745	4279272	4259230	4263909	4285928	4275275	4265760	4261341	4231686	4267569	4275176	4267009	4236599	4234608	4280219	4269779	4253324	4264906	4252166	4263900	4253742	4240546	4266401	4259656	4259214	4102697	4247473	4253449	4262818	4259667	4258951	4273714	4259257	4265732	4254012	4275634	4275843	4249937	4278192	4147109	4270473	4207967	4158304	4263944	4259784	4249341	4241931	4249775	4251747	4259840	4261019	4278241	4253842	4254622	4251191	4266958	4253493	4267946	4228626	4254412	4258546	4239450	4267449	4277676	4275625	4252883	4254751	4263511	4257722	4188002	4145809	4251345	4256681	4253112	4199968	4250447	4247802	4255285
ERR552130	4262330	4206858	4212627	4243632	4257298	4243014	4332244	4261534	4056656	4224234	4190555	4257131	4211798	4244985	4179609	4245907	4267566	4238728	4174462	4239425	4242048	4182264	4214985	4125569	4235965	4269340	4255689	4235747	4232886	4262904	4218849	4229124	4265226	4247877	4242546	4213586	4247311	4267017	4262671	4154321	4238145	4224124	4222408	4244563	4229789	4224048	4236873	4152401	4229749	4247207	4149083	4261183	4260311	4252444	4119343	4263073	4245289	4264741	4239271	4237940	4251422	4259338	4267893	4264994	4261543	4250104	4244230	4271893	4269702	4267314	4261419	4224179	4268214	4259897	4250855	4237239	4226358	4268054	4233255	4235026	4250532	4248893	4250364	4247183	4235034	4267120	4257671	4257601	4091951	4229591	4238186	4263366	4260356	4237862	4258398	4246652	4247824	4246555	4274101	4274611	4240703	4276644	4122217	4255052	4192162	4144831	4246682	4252429	4245976	4236939	4247570	4249673	4253498	4259264	4263983	4245963	4247009	4243082	4252631	4244780	4260378	4207926	4247951	4258558	4228859	4247772	4276421	4260059	4252966	4240864	4264854	4257238	4177160	4135086	4247168	4253413	4244838	4194764	4251555	4239461	4241881
ERR551990	4280781	4240960	4241756	4271902	4293963	4277902	4261534	4321644	4087249	4251662	4220208	4284863	4239556	4280275	4211312	4266476	4302269	4271935	4206787	4264318	4276881	4214381	4241698	4153705	4270380	4288203	4284755	4259575	4261136	4296103	4252170	4258439	4300866	4272633	4273664	4241201	4282448	4291323	4287508	4186768	4272767	4251754	4249474	4271428	4257511	4251289	4266426	4184396	4256648	4266674	4181295	4297698	4280477	4288185	4147503	4280773	4262752	4291146	4267465	4266628	4280900	4295663	4299688	4281823	4288901	4269497	4273759	4307060	4293197	4284469	4279473	4249907	4285581	4294160	4285323	4254282	4251731	4298865	4260865	4263696	4283491	4270047	4282953	4270956	4257911	4284707	4277581	4277257	4119415	4257237	4271157	4281206	4278602	4269487	4291247	4266686	4287020	4271225	4293555	4294621	4268068	4296361	4154053	4288734	4225229	4175824	4283901	4277371	4267173	4259527	4267917	4269421	4278372	4279032	4298031	4272052	4271840	4269959	4285517	4272475	4285923	4235951	4273729	4277111	4256634	4274299	4296245	4294286	4271124	4272654	4282126	4276099	4205402	4163053	4269718	4274893	4270989	4217504	4269119	4264970	4261655
ERR551983	4079917	4059960	4049101	4073867	4088268	4071418	4056656	4087249	4218327	4083850	4063381	4079418	4081717	4087348	4035274	4061848	4090396	4085655	4031170	4068912	4087032	4034695	4061059	4021041	4082292	4079795	4084512	4068026	4067828	4089648	4076963	4068148	4090265	4078356	4087664	4054151	4072934	4085057	4088595	4017896	4082717	4052106	4060917	4074066	4064297	4058765	4070156	4035293	4067878	4068127	4006446	4089336	4075713	4081069	3998132	4077017	4067191	4085491	4068295	4071493	4078648	4085959	4090307	4076635	4082758	4063790	4073509	4090931	4085960	4077343	4072852	4056992	4082587	4087022	4085396	4061189	4061489	4089947	4064053	4069541	4085286	4083427	4085821	4079503	4077912	4080044	4077828	4081720	3976943	4061762	4084703	4077822	4074483	4078804	4089285	4060958	4086431	4075246	4085563	4085789	4075596	4086604	3978372	4087094	4062371	4009737	4085049	4083216	4080997	4079472	4080114	4081501	4081913	4082020	4087365	4073460	4073248	4074146	4086726	4075146	4082802	4046294	4074056	4072056	4076660	4070935	4086824	4085978	4075998	4084243	4076239	4072963	4035601	4001915	4079653	4079624	4076410	4054789	4066080	4073397	4058472
ERR551982	4245133	4211990	4213767	4239464	4251550	4233744	4224234	4251662	4083850	4307994	4213145	4247643	4234326	4245637	4183511	4229077	4254950	4241725	4179737	4233962	4243632	4185607	4219356	4151008	4239543	4248487	4250930	4231646	4231570	4253522	4227832	4233023	4254540	4243770	4242300	4215828	4235815	4246394	4248360	4162379	4240124	4217428	4222518	4239486	4228506	4222151	4235715	4164881	4232822	4234568	4153564	4253558	4244126	4244392	4126058	4243929	4232236	4247843	4234304	4237562	4246295	4249678	4253788	4245139	4244193	4231710	4239886	4256558	4248873	4245373	4241345	4219803	4248680	4249787	4247363	4224223	4222824	4253082	4229777	4235491	4246068	4241807	4246566	4235799	4232383	4248136	4241552	4245327	4099176	4226582	4241080	4245221	4241424	4239627	4251712	4229070	4248790	4240763	4253103	4253776	4240195	4255040	4125658	4248797	4202415	4152844	4246771	4239956	4238917	4234639	4239975	4241663	4240103	4246631	4251446	4238649	4239434	4238109	4248574	4241643	4250933	4207911	4240682	4239970	4225976	4232515	4254979	4249954	4239531	4241434	4244922	4240139	4177328	4138009	4240583	4243138	4242174	4198805	4232614	4236988	4225534
ERR551981	4211452	4184134	4180865	4207186	4220066	4202188	4190555	4220208	4063381	4213145	4277903	4213529	4205089	4216270	4155539	4195885	4223839	4213293	4151818	4201086	4215093	4158011	4190049	4130595	4208985	4214111	4219024	4200040	4199051	4221571	4198260	4200062	4223255	4211265	4214003	4185304	4204535	4215397	4216890	4136525	4211958	4184384	4190890	4206730	4195195	4190406	4202284	4141898	4199851	4198855	4127111	4223046	4209179	4213098	4098590	4209648	4198178	4216151	4202040	4203315	4212404	4218323	4223038	4210407	4213007	4197666	4207378	4225011	4217644	4211763	4206655	4189052	4214874	4219289	4217147	4190047	4191833	4222180	4196126	4202227	4214996	4209477	4216613	4205506	4199992	4214237	4209118	4211183	4073311	4194772	4212281	4210896	4207635	4210073	4221158	4194876	4217324	4208442	4219225	4220111	4207016	4221267	4098519	4218723	4177816	4126170	4216656	4209334	4205998	4202457	4206545	4209269	4209604	4213187	4220562	4205934	4207038	4206050	4217929	4207901	4217656	4177146	4207056	4205320	4196059	4201266	4221161	4218646	4205853	4212606	4210153	4205925	4149116	4110452	4207116	4210023	4209239	4168635	4198585	4204185	4191792
ERR552482	4275922	4231302	4238598	4267944	4281227	4265973	4257131	4284863	4079418	4247643	4213529	4339478	4235885	4269460	4202020	4259725	4289325	4261382	4197321	4261195	4265461	4205008	4237253	4148796	4260556	4283357	4279762	4256038	4257491	4285691	4243767	4253649	4288346	4270070	4264209	4236041	4269406	4279930	4278385	4176666	4262120	4246947	4246855	4267780	4253053	4247685	4261576	4175732	4252484	4263148	4171765	4284966	4275626	4276213	4138904	4275776	4259586	4280392	4262228	4261577	4275832	4281816	4288868	4277827	4277486	4264367	4269148	4291974	4283316	4280215	4275474	4247766	4282186	4281552	4276251	4250046	4250073	4287397	4257206	4259052	4273317	4265811	4274022	4261779	4253117	4280785	4273147	4272525	4110903	4252960	4269324	4277075	4273794	4262946	4282533	4261864	4273936	4269270	4287970	4288716	4272440	4290990	4144504	4278882	4217098	4168357	4271814	4267163	4262751	4254891	4263433	4264761	4268172	4275309	4293369	4275786	4276878	4274021	4275458	4277150	4282102	4231984	4270708	4281160	4246799	4263320	4290496	4282659	4267439	4264252	4277919	4280194	4203818	4161305	4272740	4278029	4276589	4214257	4272380	4270198	4257204
ERR551980	4234633	4203690	4202092	4228670	4239557	4221853	4211798	4239556	4081717	4234326	4205089	4235885	4289582	4235529	4176288	4216130	4242906	4231395	4171743	4222259	4234280	4175535	4210665	4148192	4230115	4236143	4239025	4221375	4220762	4241560	4219800	4221209	4242147	4231968	4233767	4205150	4223847	4234817	4236993	4155865	4230461	4204962	4213155	4227971	4216593	4211764	4223535	4162009	4220143	4222148	4145568	4241144	4230753	4233448	4120176	4231157	4220894	4235684	4222303	4225275	4233752	4236969	4242797	4232284	4232650	4218897	4227772	4243877	4237114	4232945	4227930	4208725	4237478	4238430	4235733	4211901	4213425	4241386	4218378	4222844	4236188	4232186	4237076	4225120	4223363	4235960	4231183	4234333	4093933	4215153	4231471	4233251	4229479	4230285	4239527	4216640	4237050	4229575	4240977	4241875	4228473	4242519	4117615	4237945	4196628	4145741	4235567	4229122	4229567	4225961	4229761	4231736	4229055	4235126	4239193	4226588	4227407	4226673	4237170	4230247	4239114	4197335	4228422	4227399	4217447	4220681	4243148	4237374	4227675	4231978	4231480	4227795	4170053	4130531	4231402	4232229	4230738	4192634	4219890	4225363	4212758
ERR551978	4265673	4235706	4231232	4260203	4281966	4262206	4244985	4280275	4087348	4245637	4216270	4269460	4235529	4326570	4216189	4249193	4283943	4267801	4204242	4252995	4271091	4210404	4236977	4153642	4264386	4269367	4271373	4254556	4251025	4281303	4248217	4249553	4282351	4262692	4268187	4234177	4264668	4275585	4275629	4184567	4267229	4238716	4242874	4260184	4248025	4242619	4255012	4183722	4248926	4253791	4177430	4281715	4264448	4272473	4144740	4264439	4250250	4276553	4256132	4255425	4266848	4277369	4282859	4264534	4274292	4253204	4260595	4285567	4277769	4265925	4262147	4241710	4270163	4277360	4275392	4242922	4242909	4281392	4249774	4253849	4271653	4261227	4271881	4262056	4249718	4268989	4263905	4264898	4117357	4247439	4265607	4264788	4262210	4261887	4278677	4249698	4274635	4260163	4275768	4276571	4259380	4277907	4148960	4275154	4223750	4172889	4272537	4266822	4257421	4251597	4258051	4259987	4266816	4266349	4279628	4260156	4260879	4260652	4273876	4261101	4272235	4229289	4260345	4261238	4249399	4260338	4277774	4277108	4258222	4267523	4264878	4260415	4199423	4157861	4258879	4262701	4262404	4213197	4252786	4256519	4246561
ERR551977	4198892	4173641	4167383	4195524	4214499	4193800	4179609	4211312	4035274	4183511	4155539	4202020	4176288	4216189	4323214	4183569	4215365	4203112	4150192	4188379	4206930	4154422	4177213	4098814	4201922	4202070	4205938	4190653	4187514	4214070	4186262	4187571	4214242	4198534	4204766	4171432	4196258	4207157	4208806	4128533	4202511	4173056	4180234	4195841	4182581	4177160	4190200	4127239	4184726	4188381	4120826	4213399	4197784	4204447	4088154	4197842	4186930	4208617	4188088	4191294	4199488	4208952	4214045	4198116	4206219	4186806	4193938	4216269	4208883	4199437	4195271	4176864	4202174	4209232	4208105	4177985	4179435	4213678	4183670	4189575	4204623	4197023	4206990	4197074	4188242	4202271	4197089	4199667	4063593	4182419	4201962	4198582	4195087	4198070	4210474	4183122	4208122	4194707	4206738	4207588	4194178	4208856	4091691	4209352	4166597	4117961	4206738	4200908	4193922	4188319	4194385	4196826	4201271	4201505	4211398	4194884	4194329	4194473	4207687	4196413	4204572	4165385	4194530	4195166	4188311	4193245	4209027	4209794	4193921	4203080	4197996	4194344	4141494	4101817	4196786	4198479	4197501	4154774	4188009	4190982	4180000
ERR553324	4264350	4210642	4217787	4248351	4260422	4246533	4245907	4266476	4061848	4229077	4195885	4259725	4216130	4249193	4183569	4333480	4270600	4242871	4178280	4241851	4246709	4187383	4218508	4131279	4240489	4270956	4259034	4237549	4235759	4264823	4224616	4234793	4269012	4248923	4243632	4217513	4250695	4267713	4265525	4159341	4244079	4227219	4225880	4249564	4235414	4228764	4241466	4157017	4235205	4250923	4152952	4272659	4263861	4256016	4121166	4263757	4247498	4267869	4243192	4248963	4256153	4264219	4268169	4265298	4265790	4252602	4248548	4277170	4270420	4267378	4262849	4227331	4269793	4263425	4253940	4238189	4227783	4269893	4236906	4239221	4251639	4250091	4251487	4248149	4236861	4268683	4259205	4259618	4094035	4233662	4241562	4265477	4260955	4244370	4259093	4250695	4254085	4247901	4274266	4275263	4243437	4276938	4125985	4256639	4196840	4148658	4257957	4255023	4247489	4238346	4249235	4251085	4254585	4261111	4265984	4247871	4249979	4246158	4253885	4247543	4261029	4212596	4249051	4260377	4231188	4251459	4276839	4264946	4254920	4241914	4265905	4259867	4180292	4139106	4249589	4256982	4247541	4196858	4253759	4241650	4246290
ERR551934	4285806	4244950	4245198	4276093	4298119	4283463	4267566	4302269	4090396	4254950	4223839	4289325	4242906	4283943	4215365	4270600	4329930	4275855	4210283	4268429	4279625	4217213	4245671	4157190	4273748	4294342	4288916	4263506	4269609	4300402	4254403	4260966	4313880	4276844	4277417	4245457	4287721	4297345	4293337	4189849	4276864	4255799	4254275	4276271	4261550	4254877	4269585	4187478	4260788	4272029	4184485	4301554	4286794	4293271	4150986	4285931	4267187	4297101	4271724	4269171	4285140	4299334	4305008	4287903	4295222	4275636	4278571	4311495	4299558	4290714	4285942	4254231	4291757	4300354	4289569	4258929	4256503	4305520	4266144	4267475	4286983	4274096	4287251	4277103	4261364	4291269	4283076	4282419	4122657	4261830	4275538	4287361	4284723	4273700	4295510	4273439	4288242	4275337	4300219	4300872	4271149	4303100	4158003	4292529	4229106	4179349	4286787	4282885	4271791	4263247	4272349	4274498	4282931	4284129	4302715	4276856	4277775	4274196	4289616	4276738	4290140	4239735	4277669	4283288	4260746	4280300	4303001	4300330	4276202	4276334	4288028	4281469	4208504	4166889	4274361	4279673	4274791	4220571	4274848	4269403	4267648
ERR551928	4259389	4232022	4225381	4253693	4271844	4254935	4238728	4271935	4085655	4241725	4213293	4261382	4231395	4267801	4203112	4242871	4275855	4331333	4210525	4247085	4266533	4206137	4240205	4150975	4265312	4262606	4264765	4245085	4244306	4274572	4244201	4243409	4275261	4257163	4264874	4229275	4256967	4269132	4270553	4185272	4267058	4231516	4236653	4254818	4242132	4235982	4248976	4186641	4249567	4247859	4178018	4274403	4263158	4264864	4140772	4257904	4245042	4275034	4248798	4248903	4265933	4269742	4274500	4258448	4266814	4245402	4253767	4278368	4271721	4259528	4255552	4234688	4263137	4276158	4267711	4237265	4237457	4274025	4243378	4247208	4265818	4256737	4265828	4257396	4246116	4262006	4257177	4260128	4113961	4240357	4261277	4258531	4255899	4256626	4272826	4242755	4268575	4254500	4268543	4268927	4253828	4270340	4144593	4269324	4227763	4176436	4265997	4262428	4253436	4247879	4253187	4256440	4260922	4261257	4272659	4253822	4253693	4253512	4268141	4253797	4265177	4222250	4254005	4254574	4246181	4254238	4270019	4276485	4253634	4262080	4257888	4253543	4195677	4156175	4254270	4257489	4256489	4209710	4247018	4251053	4239864
ERR551927	4194699	4170163	4163508	4191221	4207063	4189179	4174462	4206787	4031170	4179737	4151818	4197321	4171743	4204242	4150192	4178280	4210283	4210525	4421298	4185053	4202829	4151001	4180170	4095164	4203271	4196812	4202346	4183186	4182934	4209607	4183093	4182892	4209865	4194532	4201378	4169338	4191776	4202507	4205904	4129265	4202960	4168299	4177240	4190620	4178639	4173945	4186190	4132659	4185662	4184654	4121708	4208825	4197632	4199713	4086452	4193155	4182457	4209275	4184084	4187058	4201332	4203821	4209885	4193849	4201498	4182191	4189415	4212491	4204927	4194416	4191008	4173152	4198191	4211414	4203883	4174602	4177700	4208369	4179377	4186380	4200867	4194461	4202212	4193360	4184933	4197581	4193019	4195212	4059960	4177543	4198479	4193842	4191639	4192660	4207280	4178762	4204295	4191863	4202698	4202946	4190767	4204166	4087862	4204329	4169087	4121184	4202398	4198093	4191442	4186713	4190992	4193532	4197734	4196889	4207439	4189883	4190142	4191276	4203228	4192084	4200659	4161800	4190728	4190012	4185339	4189596	4204616	4210760	4189690	4199179	4193688	4189651	4139103	4099162	4191783	4194013	4192780	4152906	4182794	4187894	4176264
ERR551879	4259258	4216459	4220658	4250850	4263101	4245849	4239425	4264318	4068912	4233962	4201086	4261195	4222259	4252995	4188379	4241851	4268429	4247085	4185053	4334170	4250860	4190891	4223417	4137638	4245465	4264481	4260746	4240207	4241774	4266099	4229607	4237751	4267508	4257016	4250765	4222472	4249062	4261999	4260245	4166041	4247360	4228571	4231595	4250729	4237259	4231961	4244707	4163652	4238062	4245578	4159134	4265105	4255604	4256929	4128506	4261030	4244782	4259695	4245470	4245234	4257790	4262375	4270654	4259450	4257087	4243964	4250374	4270813	4264382	4261473	4255123	4230754	4264087	4262652	4258041	4235997	4232962	4268104	4238308	4242644	4258525	4252252	4258290	4247246	4240348	4263068	4256592	4258077	4101491	4237036	4247843	4259599	4257071	4247383	4265819	4240983	4256570	4254453	4268895	4269968	4248969	4271475	4131060	4262611	4202813	4154858	4255741	4252234	4249273	4242650	4250753	4251505	4252231	4258842	4265987	4250984	4251427	4249011	4260188	4252636	4264853	4216072	4255459	4253324	4234042	4243777	4271463	4261824	4252132	4250452	4261117	4252527	4182268	4140706	4248320	4253541	4252187	4202962	4245715	4247354	4236912
ERR551855	4261826	4235303	4228215	4256980	4275479	4257709	4242048	4276881	4087032	4243632	4215093	4265461	4234280	4271091	4206930	4246709	4279625	4266533	4202829	4250860	4323719	4217661	4235529	4152903	4262844	4265685	4268375	4248626	4248095	4277920	4247661	4247800	4278763	4260332	4268112	4232377	4259800	4271746	4272776	4184214	4265031	4235019	4239667	4256411	4244596	4240056	4259623	4182680	4246934	4251073	4177532	4278885	4261583	4268546	4143346	4260972	4247716	4273744	4252345	4253056	4262902	4274758	4278382	4261586	4269387	4248454	4256925	4282441	4274194	4263179	4258328	4238031	4266488	4274279	4272003	4240061	4240087	4277738	4246774	4251151	4268237	4258701	4269920	4259738	4248596	4265919	4260511	4262765	4116510	4243988	4264664	4262069	4258291	4258949	4275533	4245889	4272399	4257840	4271131	4272277	4256598	4273576	4146956	4273368	4223310	4173162	4270659	4264146	4255622	4249994	4256132	4258599	4264592	4263740	4275562	4257456	4257074	4258214	4271623	4258119	4268572	4226398	4258044	4258040	4248634	4258273	4273454	4273695	4255680	4265624	4261260	4256797	4198714	4156927	4257410	4260381	4259504	4212705	4249656	4253755	4242944
ERR551854	4202653	4175084	4169661	4197223	4212973	4195852	4182264	4214381	4034695	4185607	4158011	4205008	4175535	4210404	4154422	4187383	4217213	4206137	4151001	4190891	4217661	4332377	4178013	4098177	4202956	4203885	4208013	4189714	4188782	4215431	4189440	4189346	4216130	4200967	4206954	4174308	4198728	4210073	4212764	4127318	4203503	4174888	4181395	4196873	4184642	4179708	4200100	4128321	4187292	4191914	4121266	4216937	4201145	4206109	4088077	4201236	4190059	4211863	4191279	4194172	4202761	4212047	4216299	4201088	4208962	4188947	4195990	4219985	4212692	4201689	4198757	4180285	4205211	4210970	4210196	4181898	4181827	4215223	4186874	4191186	4206671	4199835	4207438	4201016	4189545	4204540	4200076	4202359	4062285	4183881	4203129	4201514	4198319	4198364	4213874	4185879	4210914	4197829	4209729	4210337	4196705	4211505	4092339	4210984	4166124	4117756	4208522	4205629	4197075	4191536	4197060	4199770	4204050	4204140	4212919	4197127	4197056	4197733	4209219	4198275	4207258	4169091	4197085	4197516	4190351	4196959	4210901	4211421	4197234	4204092	4201281	4197196	4142533	4102692	4197164	4201370	4198832	4155390	4190251	4194471	4183277
ERR551694	4235360	4203778	4202365	4231189	4242117	4223720	4214985	4241698	4061059	4219356	4190049	4237253	4210665	4236977	4177213	4218508	4245671	4240205	4180170	4223417	4235529	4178013	4337980	4129627	4245108	4238005	4241305	4222894	4221584	4244535	4217789	4221021	4244366	4233277	4234455	4208689	4225985	4237887	4240326	4161388	4237510	4206646	4215823	4231279	4217553	4213093	4225327	4162259	4225984	4225039	4152682	4243966	4237694	4234541	4115971	4234492	4222306	4243815	4223750	4226417	4242643	4239736	4245358	4234375	4235347	4221615	4229202	4247582	4240485	4235361	4230902	4213194	4238897	4248183	4237883	4214901	4217148	4243498	4220036	4224471	4236772	4233118	4236671	4227875	4222986	4238059	4233252	4235544	4089470	4216973	4232471	4234303	4231660	4232161	4242008	4217692	4239094	4231250	4243379	4243559	4230723	4244934	4117973	4239847	4200715	4152522	4237172	4232218	4230432	4225009	4230362	4233108	4231748	4237437	4242332	4228695	4229595	4229257	4238644	4231365	4240854	4202368	4230820	4230372	4217741	4223604	4244930	4246693	4229980	4233908	4234015	4229170	4168551	4128534	4230035	4233367	4232591	4189118	4223025	4227022	4215639
ERR551979	4149353	4124183	4117476	4142759	4154312	4137482	4125569	4153705	4021041	4151008	4130595	4148796	4148192	4153642	4098814	4131279	4157190	4150975	4095164	4137638	4152903	4098177	4129627	4238335	4148230	4149872	4154691	4136686	4135622	4157448	4142718	4136765	4156217	4147116	4152596	4124202	4139167	4151442	4154683	4082730	4148691	4120883	4129362	4141584	4131672	4128386	4138360	4094285	4135237	4137313	4068877	4156587	4144107	4147664	4055898	4145783	4136630	4152429	4137872	4139804	4147824	4152123	4156197	4146240	4149053	4132529	4141865	4157807	4152871	4146981	4141277	4125980	4151571	4153499	4152194	4129518	4129358	4157213	4132875	4138391	4152436	4151251	4153410	4145759	4144745	4149913	4147000	4151482	4030863	4129948	4150988	4147104	4144232	4146934	4154949	4130476	4153021	4143623	4155389	4155920	4144134	4156970	4041257	4153888	4125457	4070861	4151982	4149103	4148153	4146606	4147911	4149725	4148480	4151666	4154658	4141648	4142219	4142675	4153601	4144388	4151981	4116004	4143198	4141812	4140372	4138743	4157136	4152617	4145121	4151201	4145623	4141053	4097957	4064453	4147853	4148999	4145131	4118376	4134819	4142440	4128387
ERR551693	4257200	4228771	4223380	4252552	4269721	4251742	4235965	4270380	4082292	4239543	4208985	4260556	4230115	4264386	4201922	4240489	4273748	4265312	4203271	4245465	4262844	4202956	4245108	4148230	4434062	4260406	4263639	4243047	4243128	4272275	4242116	4241964	4272996	4254767	4260549	4227619	4254393	4266504	4267239	4183594	4263423	4229451	4234748	4254998	4239854	4233850	4246872	4185274	4245961	4245234	4175762	4273016	4260027	4262269	4139620	4255717	4243161	4272084	4245920	4247609	4264717	4267498	4272826	4256532	4264637	4243149	4251387	4275712	4268822	4257625	4252932	4232163	4261336	4275169	4266523	4235202	4235987	4271694	4241382	4246744	4264600	4255136	4265435	4254264	4244895	4259999	4255641	4258270	4112084	4238659	4258346	4256403	4253835	4255040	4269495	4240232	4266841	4251947	4267211	4267516	4251017	4268059	4143514	4268324	4225562	4174935	4264975	4260165	4251644	4246532	4251682	4254799	4259450	4260055	4269971	4251472	4251440	4252117	4266317	4252106	4263234	4221224	4253377	4251925	4244478	4251119	4268784	4273341	4251453	4261356	4255994	4251219	4193009	4152608	4251569	4254353	4254260	4208241	4244707	4247788	4237433
ERR552493	4296061	4232042	4238074	4268868	4283208	4268971	4269340	4288203	4079795	4248487	4214111	4283357	4236143	4269367	4202070	4270956	4294342	4262606	4196812	4264481	4265685	4203885	4238005	4149872	4260406	4340091	4280029	4256272	4258118	4288426	4243129	4254052	4292182	4272245	4266430	4237800	4273923	4301830	4286876	4177119	4263619	4248727	4246848	4269863	4256353	4249386	4261142	4174742	4254348	4271412	4171345	4287888	4285514	4278898	4142793	4288033	4276363	4289508	4264990	4262126	4277368	4285850	4294223	4297692	4287334	4274055	4270510	4298917	4302994	4301727	4285675	4247740	4302047	4286824	4276490	4268197	4249883	4293997	4258720	4260420	4284563	4280568	4283994	4278033	4267162	4301742	4291273	4290229	4113557	4254222	4262365	4297941	4294472	4263133	4284623	4272163	4273837	4271977	4308325	4308406	4266073	4311515	4144747	4289538	4215131	4166527	4272339	4285146	4277687	4268933	4279469	4280850	4284941	4292443	4290089	4270358	4272570	4267742	4286596	4269805	4287302	4231947	4281689	4283888	4260606	4271932	4311267	4287958	4285861	4273191	4291016	4282716	4200065	4157864	4271887	4279197	4270408	4225937	4275428	4264167	4267790
ERR552555	4274931	4236130	4238326	4269209	4282752	4266294	4255689	4284755	4084512	4250930	4219024	4279762	4239025	4271373	4205938	4259034	4288916	4264765	4202346	4260746	4268375	4208013	4241305	4154691	4263639	4280029	4403783	4258548	4258794	4284354	4247239	4256334	4288202	4271053	4266025	4240851	4270007	4279250	4277964	4181181	4265399	4246670	4248002	4268077	4254992	4249366	4262537	4180301	4254686	4262229	4174880	4284630	4275097	4275965	4142750	4274130	4259005	4279985	4267833	4261758	4275916	4281451	4287246	4275505	4277696	4263704	4269084	4290984	4281947	4277812	4273605	4247061	4279533	4281295	4274383	4250133	4249284	4286531	4258817	4262065	4274156	4267606	4274110	4262504	4255017	4278538	4271874	4272629	4115302	4255565	4265029	4276217	4272132	4266177	4281244	4261443	4275781	4269002	4285826	4285988	4266044	4287423	4148616	4278085	4221110	4171448	4273791	4267509	4264930	4256700	4263774	4267153	4268245	4274131	4284156	4268108	4268140	4266682	4276187	4270228	4281490	4234786	4269731	4271703	4248487	4264539	4287545	4281474	4267294	4265452	4276111	4270692	4199305	4157215	4265083	4269804	4269062	4216481	4263327	4263211	4257594
ERR553291	4252737	4213995	4218822	4247324	4261162	4241764	4235747	4259575	4068026	4231646	4200040	4256038	4221375	4254556	4190653	4237549	4263506	4245085	4183186	4240207	4248626	4189714	4222894	4136686	4243047	4256272	4258548	4308720	4238936	4260730	4228649	4235650	4262317	4250927	4246579	4218841	4244085	4254387	4253337	4164462	4244881	4224199	4228074	4245940	4233925	4229429	4241324	4163419	4235199	4240411	4156043	4261013	4252543	4251703	4124389	4250416	4238228	4255756	4240491	4243766	4252445	4256331	4262834	4252274	4252730	4239535	4246159	4265287	4257296	4253354	4248557	4227524	4256584	4256637	4252782	4228807	4228249	4261673	4235876	4240690	4251864	4245817	4252506	4240584	4235367	4255971	4248626	4250940	4098005	4233533	4245374	4251828	4249424	4244844	4258535	4237252	4254389	4247924	4261259	4261763	4245544	4262856	4128286	4255665	4203216	4153553	4253507	4245827	4243409	4235929	4244144	4246299	4245546	4253644	4259574	4245848	4246815	4244188	4253571	4247818	4258291	4213034	4247740	4248237	4228249	4239973	4263090	4256835	4244927	4245460	4251904	4246778	4179420	4137294	4244698	4248032	4248232	4197917	4239755	4242176	4233859
ERR553277	4252107	4216139	4220098	4248649	4259700	4242178	4232886	4261136	4067828	4231570	4199051	4257491	4220762	4251025	4187514	4235759	4269609	4244306	4182934	4241774	4248095	4188782	4221584	4135622	4243128	4258118	4258794	4238936	4320080	4262410	4228254	4236130	4269070	4250536	4245461	4219822	4245340	4254295	4253126	4163990	4245023	4225903	4229516	4246801	4234407	4229392	4242711	4162268	4235296	4240356	4156368	4261297	4252489	4253707	4123156	4250872	4236523	4255832	4241387	4244457	4253232	4258177	4263584	4253298	4253274	4240864	4248118	4266626	4257264	4254750	4249972	4226922	4256325	4258269	4255101	4229344	4230373	4262280	4237331	4241527	4252475	4244422	4253208	4238648	4233556	4255620	4249027	4249771	4096251	4234221	4243642	4251765	4249185	4245769	4259010	4237492	4254418	4248099	4261682	4262361	4245876	4263723	4129869	4257108	4201618	4153517	4253310	4244216	4241790	4235774	4242346	4244809	4245203	4251754	4261285	4246222	4248090	4243935	4254801	4249023	4259600	4213540	4249502	4249158	4227099	4239920	4263348	4258221	4244372	4245730	4253359	4247868	4178245	4136268	4244627	4248832	4248804	4197737	4240965	4242105	4233565
ERR553171	4281599	4243978	4241487	4272131	4292920	4277643	4262904	4296103	4089648	4253522	4221571	4285691	4241560	4281303	4214070	4264823	4300402	4274572	4209607	4266099	4277920	4215431	4244535	4157448	4272275	4288426	4284354	4260730	4262410	4328176	4254454	4258557	4299748	4275130	4276067	4242748	4281116	4292618	4289773	4188719	4274911	4251096	4252577	4272576	4258625	4252958	4265291	4186929	4258572	4267940	4183417	4296264	4280788	4286780	4150349	4280431	4264872	4292430	4267577	4266425	4280294	4294112	4299255	4282707	4289957	4269118	4273677	4305440	4294251	4285172	4280489	4252596	4287842	4294018	4287421	4255930	4255277	4307942	4261312	4264786	4285333	4271938	4284773	4273348	4260086	4286572	4279044	4278825	4122835	4258101	4274865	4282320	4279490	4271385	4292539	4266432	4284398	4273058	4294673	4295076	4269891	4297271	4155473	4289796	4228446	4178122	4283823	4279285	4269103	4262211	4269651	4271507	4280537	4280612	4297358	4274377	4274495	4272475	4286858	4274567	4287327	4237037	4275009	4278424	4258987	4276084	4296860	4294437	4272357	4276832	4282812	4276989	4208728	4167038	4271592	4276095	4273963	4220172	4270862	4268413	4261860
ERR553157	4241030	4216241	4208867	4238225	4250988	4233805	4218849	4252170	4076963	4227832	4198260	4243767	4219800	4248217	4186262	4224616	4254403	4244201	4183093	4229607	4247661	4189440	4217789	4142718	4242116	4243129	4247239	4228649	4228254	4254454	4307319	4240433	4254637	4239134	4245581	4213307	4235759	4247514	4249632	4166306	4241799	4213124	4220423	4238433	4224195	4218677	4232730	4171727	4225835	4229093	4156382	4255122	4238376	4243829	4129837	4238524	4226469	4249109	4230877	4233695	4241776	4253850	4253337	4238899	4247782	4227935	4235157	4257166	4250120	4240200	4235776	4217064	4243904	4250442	4248582	4219664	4221426	4253544	4224600	4229885	4246356	4238635	4246911	4237202	4229675	4242192	4238911	4241380	4103215	4223860	4242579	4239920	4236534	4241460	4252684	4223423	4249701	4236764	4249040	4249245	4236311	4250790	4130719	4249365	4208539	4155705	4248003	4241207	4236251	4232045	4236353	4238661	4240634	4242699	4251305	4235197	4235252	4236427	4248891	4237315	4246788	4207397	4236494	4234616	4228723	4234929	4250810	4249877	4235200	4243341	4239776	4234579	4180412	4140298	4236791	4238934	4237549	4197340	4227881	4233397	4223695
ERR553156	4249419	4213854	4216975	4247444	4256610	4239664	4229124	4258439	4068148	4233023	4200062	4253649	4221209	4249553	4187571	4234793	4260966	4243409	4182892	4237751	4247800	4189346	4221021	4136765	4241964	4254052	4256334	4235650	4236130	4258557	4240433	4315481	4260535	4248995	4245472	4219366	4241830	4252372	4251947	4164186	4243557	4222397	4226241	4245878	4231929	4226862	4241407	4163343	4235921	4238298	4155780	4260166	4249134	4249606	4124202	4248673	4234853	4252933	4238662	4241943	4250899	4260053	4259646	4249551	4251394	4238465	4244292	4264027	4254827	4251031	4246728	4224817	4253502	4254897	4251161	4227420	4227373	4259146	4234847	4238836	4249338	4244451	4250787	4237625	4232015	4252164	4246066	4247955	4096702	4233914	4243215	4250629	4246160	4244730	4255719	4234087	4253805	4245089	4258127	4258878	4244138	4260524	4130782	4253324	4201709	4153832	4251882	4243342	4240296	4234975	4241196	4243282	4243310	4249861	4256986	4243444	4244472	4242440	4253174	4245932	4256724	4214427	4245620	4245081	4226936	4239389	4260458	4255499	4242284	4244342	4249521	4244558	4179098	4137287	4242680	4245370	4245856	4198075	4237615	4239749	4233044
ERR553086	4284233	4243785	4244846	4274486	4296752	4282795	4265226	4300866	4090265	4254540	4223255	4288346	4242147	4282351	4214242	4269012	4313880	4275261	4209865	4267508	4278763	4216130	4244366	4156217	4272996	4292182	4288202	4262317	4269070	4299748	4254637	4260535	4324960	4275536	4276304	4243844	4285855	4294756	4291578	4189138	4276100	4254532	4252806	4275436	4261345	4254572	4268904	4186649	4260042	4269701	4183316	4300037	4284676	4291596	4151181	4284320	4266434	4295135	4270960	4268295	4283580	4298619	4303791	4285126	4293040	4273371	4277321	4308672	4297302	4288204	4283530	4252927	4289627	4297806	4288683	4258166	4255380	4303345	4264219	4266471	4285931	4273469	4286094	4275023	4261293	4288638	4281462	4280538	4122849	4261196	4274747	4285175	4281980	4272676	4294303	4271025	4287342	4274269	4297689	4298581	4271049	4300762	4156846	4292356	4228273	4178604	4286017	4280571	4270695	4262660	4271344	4273330	4281087	4282987	4301660	4275193	4275991	4272664	4288618	4275075	4289445	4239297	4276528	4281083	4260058	4278369	4300261	4298502	4275039	4275116	4285585	4280206	4208406	4166627	4273321	4278462	4273988	4221055	4272982	4268536	4266182
